mean values with 100 images
[[0.01 0.01 0.01 0.01]
 [0.01 0.01 0.01 0.01]
 [0.01 0.01 0.01 0.01]
 [0.01 0.01 0.01 0.01]
 [0.01 0.01 0.01 0.01]
 [0.01 0.01 0.01 0.01]
 [0.01 0.01 0.01 0.01]
 [0.01 0.01 0.01 0.01]
 [0.01 0.01 0.01 0.01]
 [0.01 0.01 0.01 0.01]
 [0.01 0.01 0.01 0.01]
 [0.01 0.01 0.01 0.01]
 [0.01 0.01 0.01 0.01]
 [0.01 0.01 0.01 0.01]
 [0.01 0.01 0.01 0.01]
 [0.01 0.01 0.01 0.01]
 [0.01 0.01 0.01 0.01]
 [0.01 0.01 0.01 0.01]
 [0.01 0.01 0.01 0.01]
 [0.01 0.01 0.01 0.01]
 [0.01 0.01 0.01 0.01]
 [0.01 0.01 0.01 0.01]
 [0.01 0.01 0.01 0.01]
 [0.01 0.01 0.01 0.01]
 [0.01 0.01 0.01 0.01]
 [0.01 0.01 0.01 0.01]
 [0.01 0.01 0.01 0.01]
 [0.01 0.01 0.01 0.01]
 [0.01 0.01 0.01 0.01]
 [0.01 0.01 0.01 0.01]
 [0.01 0.01 0.01 0.01]
 [0.01 0.01 0.01 0.01]
 [0.01 0.01 0.01 0.01]
 [0.01 0.01 0.01 0.01]
 [0.01 0.01 0.01 0.01]
 [0.01 0.01 0.01 0.01]
 [0.01 0.01 0.01 0.01]
 [0.01 0.01 0.01 0.01]
 [0.01 0.01 0.01 0.01]
 [0.01 0.01 0.01 0.01]
 [0.01 0.01 0.01 0.01]
 [0.01 0.01 0.01 0.01]
 [0.01 0.01 0.01 0.01]
 [0.01 0.01 0.01 0.01]
 [0.01 0.01 0.01 0.01]
 [0.01 0.01 0.01 0.01]
 [0.01 0.01 0.01 0.01]
 [0.01 0.01 0.01 0.01]
 [0.01 0.01 0.01 0.01]
 [0.01 0.01 0.01 0.01]
 [0.01 0.01 0.01 0.01]
 [0.01 0.01 0.01 0.01]
 [0.01 0.01 0.01 0.01]
 [0.01 0.01 0.01 0.01]
 [0.01 0.01 0.01 0.01]
 [0.01 0.01 0.01 0.01]
 [0.01 0.01 0.01 0.01]
 [0.01 0.01 0.01 0.01]
 [0.01 0.01 0.01 0.01]
 [0.01 0.01 0.01 0.01]
 [0.01 0.01 0.01 0.01]
 [0.01 0.01 0.01 0.01]
 [0.01 0.01 0.01 0.01]
 [0.01 0.01 0.01 0.01]
 [0.01 0.01 0.01 0.01]
 [0.01 0.01 0.01 0.01]
 [0.01 0.01 0.01 0.01]
 [0.01 0.01 0.01 0.01]
 [0.01 0.01 0.01 0.01]
 [0.01 0.01 0.01 0.01]
 [0.01 0.01 0.01 0.01]
 [0.01 0.01 0.01 0.01]
 [0.01 0.01 0.01 0.01]
 [0.01 0.01 0.01 0.01]
 [0.01 0.01 0.01 0.01]
 [0.01 0.01 0.01 0.01]
 [0.01 0.01 0.01 0.01]
 [0.01 0.01 0.01 0.01]
 [0.01 0.01 0.01 0.01]
 [0.01 0.01 0.01 0.01]
 [0.01 0.01 0.01 0.01]
 [0.01 0.01 0.01 0.01]
 [0.01 0.01 0.01 0.01]
 [0.01 0.01 0.01 0.01]
 [0.01 0.01 0.01 0.01]
 [0.01 0.01 0.01 0.01]
 [0.01 0.01 0.01 0.01]
 [0.01 0.01 0.01 0.01]
 [0.01 0.01 0.01 0.01]
 [0.01 0.01 0.01 0.01]
 [0.01 0.01 0.01 0.01]
 [0.01 0.01 0.01 0.01]
 [0.01 0.01 0.01 0.01]
 [0.01 0.01 0.01 0.01]
 [0.01 0.01 0.01 0.01]
 [0.01 0.01 0.01 0.01]
 [0.01 0.01 0.01 0.01]
 [0.01 0.01 0.01 0.01]
 [0.01 0.01 0.01 0.01]
 [0.01 0.01 0.01 0.01]]
variance value with 100 images
[[0.00056895 0.00142096 0.00203688 0.00262645]
 [0.0005595  0.00145857 0.00196935 0.00273005]
 [0.00055775 0.00146876 0.00198595 0.00272283]
 [0.00056694 0.00141956 0.00199466 0.00270789]
 [0.00057023 0.00146263 0.00208756 0.00295093]
 [0.00056322 0.0014579  0.00198321 0.00288131]
 [0.00057966 0.0014204  0.00201057 0.00279326]
 [0.00056371 0.00149196 0.00197585 0.00275952]
 [0.00057055 0.00144438 0.0019986  0.00257729]
 [0.00056455 0.00142644 0.00191677 0.00288828]
 [0.00057625 0.00144364 0.00197784 0.00278449]
 [0.00058194 0.00145933 0.00202044 0.00284306]
 [0.00055916 0.00149345 0.00203117 0.00273216]
 [0.00058543 0.00144979 0.00192641 0.00274709]
 [0.00054531 0.00146584 0.0019945  0.00275191]
 [0.00057425 0.00144161 0.00200178 0.00285727]
 [0.00058015 0.00145422 0.00204805 0.00272528]
 [0.00054979 0.00141833 0.00200598 0.00279374]
 [0.00057248 0.00139434 0.00198546 0.00288244]
 [0.00054961 0.00147444 0.00210272 0.00289593]
 [0.00056305 0.00140865 0.00204369 0.00257191]
 [0.00056958 0.0014669  0.00195759 0.00280551]
 [0.00057677 0.00142595 0.00201913 0.00273516]
 [0.00054399 0.00149771 0.0020549  0.00300714]
 [0.00057819 0.00141175 0.00198269 0.00260665]
 [0.00058432 0.00141851 0.00203194 0.00277099]
 [0.00055055 0.00143466 0.00200664 0.00278709]
 [0.00058019 0.00143225 0.00197432 0.00270877]
 [0.00058775 0.00144032 0.00202177 0.00279557]
 [0.00058174 0.00142623 0.00204689 0.00265515]
 [0.00055431 0.00150145 0.00198533 0.00260437]
 [0.00057542 0.00141322 0.00197096 0.00287044]
 [0.00057959 0.00142302 0.00196158 0.00286675]
 [0.00056742 0.00143211 0.00213965 0.00287987]
 [0.00055783 0.00141685 0.00201161 0.00285846]
 [0.00057031 0.00145099 0.00199669 0.00283048]
 [0.00058025 0.00142339 0.0020396  0.00268435]
 [0.00057066 0.00145377 0.00195941 0.00279443]
 [0.00057359 0.0014207  0.00206949 0.0028204 ]
 [0.00053924 0.00146325 0.00208723 0.0030299 ]
 [0.00054325 0.001463   0.00207202 0.0026999 ]
 [0.00055126 0.00140696 0.00205059 0.00285627]
 [0.00055795 0.0014174  0.00202341 0.00281967]
 [0.00056845 0.0014352  0.00200042 0.00280195]
 [0.00057867 0.00144381 0.00199626 0.00284812]
 [0.00057137 0.00145423 0.00202191 0.00280404]
 [0.00058454 0.00145485 0.00193255 0.00274968]
 [0.00058957 0.00143593 0.00207205 0.00268981]
 [0.00055884 0.00144474 0.00195478 0.00276965]
 [0.00057211 0.00146531 0.00196601 0.0026945 ]
 [0.00057317 0.0014095  0.00194806 0.00265532]
 [0.00057075 0.00138654 0.00199731 0.00269419]
 [0.00058302 0.0014464  0.00196934 0.00282581]
 [0.0005734  0.00140158 0.00188897 0.00243609]
 [0.00056452 0.00149546 0.00191663 0.00283574]
 [0.00058062 0.00144037 0.00193604 0.00284016]
 [0.00058663 0.00145627 0.00202214 0.00284808]
 [0.0005791  0.00150852 0.00200091 0.00275991]
 [0.00054026 0.00147217 0.00199854 0.00290466]
 [0.0006113  0.00140818 0.00205143 0.0027539 ]
 [0.00056705 0.00141929 0.00198413 0.00269245]
 [0.00061957 0.00145532 0.0020061  0.00273825]
 [0.00057178 0.00143122 0.00199181 0.00283872]
 [0.00059351 0.00140317 0.00202036 0.00271506]
 [0.000561   0.00148092 0.00205168 0.00290219]
 [0.00054763 0.00148628 0.0018507  0.00283634]
 [0.00056106 0.00147236 0.00191387 0.00283556]
 [0.00055834 0.00146453 0.00200163 0.00277588]
 [0.00056855 0.00147947 0.00197029 0.00272565]
 [0.0005666  0.00144417 0.00198652 0.00283569]
 [0.0005777  0.00146258 0.00203665 0.00276424]
 [0.00057634 0.00136185 0.00193888 0.0028124 ]
 [0.00056281 0.00143908 0.0019339  0.00252008]
 [0.00056508 0.00144683 0.00195945 0.0026354 ]
 [0.00059868 0.0013846  0.00208216 0.0028291 ]
 [0.00055516 0.00146107 0.00201058 0.00278496]
 [0.00057584 0.00145891 0.00194045 0.00268694]
 [0.00056648 0.00143169 0.00205501 0.00280791]
 [0.00055487 0.00145849 0.00196997 0.00287203]
 [0.00056301 0.00144836 0.00201828 0.00269305]
 [0.00056736 0.00144321 0.00200189 0.00286442]
 [0.00056378 0.00143889 0.00200259 0.00277748]
 [0.00060543 0.00138723 0.00209225 0.00281806]
 [0.0005522  0.00148468 0.00202261 0.00278811]
 [0.00056688 0.00144078 0.00184303 0.00280266]
 [0.00059305 0.00143538 0.00196466 0.00252476]
 [0.00056559 0.00142318 0.00195105 0.00268745]
 [0.00057912 0.0014736  0.00181202 0.00262236]
 [0.00057261 0.00145137 0.00197145 0.00284024]
 [0.00055429 0.00144782 0.00198979 0.00260244]
 [0.00056444 0.00144603 0.00194578 0.00273173]
 [0.00054837 0.00146204 0.00209746 0.00308225]
 [0.00057877 0.0014474  0.00196275 0.00271552]
 [0.00056233 0.00145048 0.00190437 0.0027268 ]
 [0.00058455 0.00143075 0.00196177 0.0023535 ]
 [0.0005675  0.00145632 0.00201407 0.00276657]
 [0.00059565 0.00147891 0.0019994  0.00289261]
 [0.00058311 0.00143801 0.00202602 0.00265184]
 [0.00058638 0.00141449 0.00208388 0.0028382 ]
 [0.00057531 0.00146615 0.00198606 0.00276212]]
